waypoints:
- latitude: -31.980327
  longitude: 115.817317
  yaw: 0.0
- latitude: -31.980554
  longitude: 115.817743
  yaw: 0.0
- latitude: -31.980368
  longitude: 115.818476
  yaw: 0.0